9
-16777114
-16777114
-16777114
-1
-1
-1
-6750208
-6750208
-6750208
-16777114
-16777114
-16777114
-1
-1
-1
-6750208
-6750208
-6750208
-16777114
-16777114
-16777114
-1
-1
-1
-6750208
-6750208
-6750208
-16777114
-16777114
-16777114
-1
-1
-1
-6750208
-6750208
-6750208
-16777114
-16777114
-16777114
-1
-1
-1
-6750208
-6750208
-6750208
-16777114
-16777114
-16777114
-1
-1
-1
-6750208
-6750208
-6750208
-16777114
-16777114
-16777114
-1
-1
-1
-6750208
-6750208
-6750208
-16777114
-16777114
-16777114
-1
-1
-1
-6750208
-6750208
-6750208
-16777114
-16777114
-16777114
-1
-1
-1
-6750208
-6750208
-6750208
