9
-16751104
-16751104
-16751104
-1
-1
-1
-32768
-32768
-32768
-16751104
-16751104
-16751104
-1
-1
-1
-32768
-32768
-32768
-16751104
-16751104
-16751104
-1
-1
-1
-32768
-32768
-32768
-16751104
-16751104
-16751104
-1
-1
-1
-32768
-32768
-32768
-16751104
-16751104
-16751104
-1
-1
-1
-32768
-32768
-32768
-16751104
-16751104
-16751104
-1
-1
-1
-32768
-32768
-32768
-16751104
-16751104
-16751104
-1
-1
-1
-32768
-32768
-32768
-16751104
-16751104
-16751104
-1
-1
-1
-32768
-32768
-32768
-16751104
-16751104
-16751104
-1
-1
-1
-32768
-32768
-32768
