9
-16751104
-1
-32768
-16777114
-65409
-256
-8453889
-6750208
-16777216
-16777216
-16751104
-1
-32768
-16777114
-65409
-256
-8453889
-6750208
-6750208
-16777216
-16751104
-1
-32768
-16777114
-65409
-256
-8453889
-8453889
-6750208
-16777216
-16751104
-1
-32768
-16777114
-65409
-256
-256
-8453889
-6750208
-16777216
-16751104
-1
-32768
-16777114
-65409
-65409
-256
-8453889
-6750208
-16777216
-16751104
-1
-32768
-16777114
-16777114
-65409
-256
-8453889
-6750208
-16777216
-16751104
-1
-32768
-32768
-16777114
-65409
-256
-8453889
-6750208
-16777216
-16751104
-1
-1
-32768
-16777114
-65409
-256
-8453889
-6750208
-16777216
-16751104
